
Summary Statistics
=======================================================
Statistic     N      Mean    St. Dev.   Min      Max   
-------------------------------------------------------
sclfsato   313,329   5.169     1.469     1        7    
dvage      313,280  49.818    17.405     16      102   
fimngrs_dv 313,329 1,777.060 1,339.311 0.010  8,332.770
jbstat     313,232   3.488     6.622     1       97    
marstat_dv 312,733   2.423     1.937     0        6    
health     312,999   1.638     0.481     1        2    
nchresp    313,329   0.312     0.755     0       10    
hhsize     313,329   2.801     1.443     1       16    
sex        313,329   1.560     0.496     1        2    
oprlg      110,859   1.466     0.499     1        2    
wave       313,329   5.949     3.444     1       12    
edu2       313,329   1.027     0.161     1        2    
region4    313,329   1.307     0.769     1        4    
age        313,329  55.686    35.996   0.020   208.080 
group_m1   313,329  152.867   76.639     1       288   
absrk      313,280  406.232   381.058  0.000  2,338.000
refinc     313,329 1,787.700  587.181  83.375 7,146.640
grpsize    313,280  812.132   527.891    1      2,345  
relrk      311,299   0.501     0.288   -0.167   1.000  
relrk2     313,329   0.501     0.288   0.000    1.000  
grpsize1   313,160  812.443   527.753    2      2,345  
relrk1     313,160   0.495     0.290   0.000    1.000  
absrk1     313,329  405.837   387.099  1.000  2,341.000
-------------------------------------------------------
